>> x_pt1

x_pt1 =

   1.0e+04 *

    0.0000    0.0000    0.0444    0.0000    0.0001    1.4093    0.0000

>> x_pt06

x_pt06 =

   1.0e+03 *

    0.0007    0.0000    1.9985    0.0005    0.0001    3.3296    0.0005

>> x_pt03

x_pt03 =

   1.0e+04 *

    0.0002    0.0000    0.2511   -0.0002   -0.0000    1.6003    0.0000

>> x_pt01

x_pt01 =

   1.0e+03 *

   -0.0002   -0.0001    4.5110    0.0002    0.0001    4.2417    0.0012

>> x_pt01_

x_pt01_ =

   1.0e+03 *

   -0.0002   -0.0001    0.7398    0.0028    0.0000    9.6836    0.0005

>> x_pt001

x_pt001 =

   1.0e+03 *

    0.0010    0.0000    1.5204    0.0002    0.0002    5.1963    0.0004

>> x_pt1pt03

x_pt1pt03 =

   1.0e+03 *

    0.0012    0.0000    4.3225    0.0000    0.0011   -9.5596    0.0005

>> 