xsol = [
MU
ALPHA
KELAS
MUVIS
ALPHAVIS
KVIS
RTIME
MUVIS_2
ALPHAVIS_2
KVIS_2
RTIME_2
]

xsol =

    0.0040    2.1471    4.0000    0.0686    0.5827    6.0000    1.3158    0.0017    3.5330    5.0000   36.9815


xsol =

    0.0040    2.1474   40.0000    0.0664    0.6011   60.0000    1.3159    0.0017    3.5302   25.0000   36.9446
